#DJI flamewheel parameters
inertia : [0.0088565 , 0.000000 , 0.000000 , 0.000000 , 0.008809 , 0.000000 , 0.000000 , 0.000000 , 0.015991]
allocation_matrix: [ 0.0 , -1.0 , 1.0 , 1.0 , 1.0 , 0.0 , -1.0 , 1.0, 0.0, 1.0, 1.0, 1.0, -1.0, 0.0, -1.0, 1.0]
n_rotors: 4

rotor_force_constant: 8.54858e-6
rotor_moment_constant: 0.016000
arm_length: 0.22778

roll_gain: 90
pitch_gain: 90
roll_int_gain: 10.0
pitch_int_gain: 10.0
p_gain: 30
q_gain: 30
r_gain: 5.0

max_integrator_error: 0.6
